player_id,season_id,p_c0,p_c1,p_c2,p_c3
28529,108,2.699231416206891e-08,2.4500158204005527e-18,0.9998723057098389,0.00012766729784707744
30458,108,1.5724357011646456e-05,2.117460034864951e-42,2.652499006470211e-10,0.9999842753777385
28173,108,0.9941401335666065,0.0006084208750811737,1.865458072685571e-15,0.005251445558310782
31044,108,3.2275798240152803e-13,7.088404242982506e-22,0.9978582196726665,0.0021417803270108384
31044,108,1.6209465280367388e-13,7.063727759839721e-29,0.9964719245174264,0.0035280754824114427
26361,108,2.3495335125988675e-17,5.510406075702553e-35,0.9846107425786309,0.015389257421369092
4493,108,0.0008087183258617648,3.062233346863683e-29,1.673766824299501e-12,0.9991912816724645
5526,108,2.082729373129203e-14,3.66805524065357e-33,0.9997301023837978,0.0002698976161813605
5529,108,1.9699544877150127e-06,1.5999797165976963e-49,3.615315125946135e-08,0.999997993892361
28508,108,0.028562634131538027,1.6708678169738727e-41,2.7417483049879515e-06,0.9714346241201571
27234,108,4.057861639811015e-11,3.2353089325944944e-36,0.9994325235991386,0.0005674763602827822
26258,108,0.9999886057868268,3.879297223571091e-15,7.175805922146847e-17,1.1394213169325814e-05
28617,108,0.005611810436845467,0.9943124224294005,7.576712679423559e-05,6.959761394182782e-12
26345,108,0.18690033473253054,0.8130996650542506,2.019157954597452e-10,1.1303084496157954e-11
35976,108,5.093650654373451e-07,0.00016091685027824355,0.9998377250347138,8.487499427321608e-07
50461,108,6.529801383352608e-07,1.7361257591504683e-21,4.0992893403426044e-05,0.999958354126458
27904,108,9.248145936628266e-07,6.537842785965879e-56,1.3060368524729525e-12,0.9999990751841004
45216,108,0.19911582438680794,5.962528128830199e-26,6.229632116897474e-15,0.8008841756131863
36661,108,2.2752750327786765e-05,5.681849229994655e-38,8.736092593637298e-16,0.9999772472496712
35492,108,0.062291193259214436,1.5695433460884258e-18,2.485773401148359e-16,0.9377088067407853
28159,108,0.06503640199479908,0.9349635064362037,2.7587736460568756e-08,6.398126069334815e-08
31956,108,1.6325789052492945e-05,2.191657202315234e-41,1.4560884268021252e-11,0.9999836741963868
26351,108,1.5007214633955427e-10,3.823640546130212e-28,0.9999861004107131,1.3899439214848492e-05
43477,108,0.005299698735412145,0.9946999703531643,4.2762818990775774e-08,2.8814860449314805e-07
28160,108,0.08500804902726836,0.9149919414686629,1.129127818606799e-15,9.504067548777016e-09
27953,108,1.720328834193318e-08,0.00021564359714723144,0.9997741539340207,1.0185265543823089e-05
28515,108,0.0655393978230014,0.9344605918943596,6.829500982758078e-13,1.0281956139187306e-08
28419,108,0.9998961248168964,3.1899725595629584e-09,2.0059260869217477e-19,0.00010387199313092237
26324,108,2.841894648298344e-13,4.918716671299454e-35,0.9993816083651509,0.0006183916345648395
37359,108,4.065961990587643e-08,3.810111047265859e-05,0.9999528310804241,9.02714948329743e-06
43552,108,0.002730283981948234,0.9972696882629686,2.732892558560264e-08,4.26157478906372e-10
34195,108,1.6384412196800046e-05,6.720350180341566e-09,0.05637192824147898,0.9436116806259741
92574,108,0.009610678514218712,0.9903712171411712,2.2907821363381067e-08,1.8081436788593083e-05
26278,108,5.810406530384585e-10,3.767181731154602e-08,0.9999974016971501,2.560049991786272e-06
26330,108,0.06133455841381437,0.9386653954014991,6.433747318804517e-11,4.612034900158858e-08
30726,108,0.2978316117284319,0.7021682249091344,4.2951448601355843e-13,1.633620040563342e-07
28766,108,0.9971407351859386,8.798986781899295e-10,6.033506721446612e-20,0.002859263934162579
28424,108,7.206672743149728e-14,1.3213668869927403e-19,0.9948662005251748,0.005133799474753128
26375,108,8.907195848197132e-05,1.5287039131420954e-32,9.843545688799761e-05,0.9998124925846297
26315,108,0.007726928784425115,0.9922729750850264,9.612988644237774e-08,6.620854043836806e-13
27902,108,0.7781779900733713,0.22181918388505614,2.427029101101703e-06,3.9901247126594186e-07
27153,108,0.9999968198649973,4.2108028928544385e-16,3.7759133989696143e-13,3.180134624480079e-06
27959,108,3.743594382667938e-09,6.582746566374423e-32,0.0016234237327894193,0.998376572523616
32970,108,0.03621094032780812,0.9637890588271123,1.4920397151178958e-17,8.450796259987641e-10
43708,108,4.855142533066719e-13,1.6955262015772982e-17,0.9999465765329683,5.3423466546104165e-05
27888,108,3.596089393937372e-09,1.411575495019417e-09,0.9999989579469177,1.037045417422663e-06
26342,108,0.013747051702590182,0.9862529423263365,5.968559033283857e-09,2.5141922476458265e-12
43622,108,4.648734531951316e-05,1.784403187831951e-09,0.9999531965416699,3.143286072443517e-07
28432,108,0.0022489527390514184,0.9977510380128913,5.026667978335004e-09,4.221389480381841e-09
26325,108,0.0017755095655764982,0.998206518708479,1.797169970819125e-05,2.6236255343496964e-11
42636,108,0.021655897153294735,0.9783441018667164,1.2582853400101863e-18,9.79988862018907e-10
30945,108,0.0006531377719926816,0.9993407525560283,6.109127593755457e-06,5.443853126616995e-10
29265,108,1.1111311700596537e-12,8.883884658271221e-25,0.9993117387490335,0.0006882612498553826
27900,108,0.020228476997698714,0.9797715202401125,1.2843484989537698e-14,2.7621759499470162e-09
26376,108,0.9674188775922454,3.5120936813567068e-09,1.8685986189272104e-06,0.03257925029704152
27897,108,2.29376319831904e-08,8.483464610770179e-06,0.9999398929198939,5.160067786333981e-05
44362,108,6.199806659709679e-06,1.1221967493117832e-29,1.0360370081314053e-10,0.9999938000897366
183000,108,8.651602326803788e-15,2.1892966110232715e-38,0.9987512257154133,0.0012487742845781055
27955,108,0.9763224353827687,1.6084902605730409e-21,1.3389855128267106e-22,0.023677564617231094
29517,108,1.4356471134922436e-07,6.050107918721265e-56,5.6799518724066274e-11,0.999999856378489
43622,108,5.80676826772273e-07,1.3441620561561422e-10,0.999998982139259,4.370494980613019e-07
28516,108,6.053124515621114e-13,4.823989941537684e-19,0.9999928454120065,7.154587388158801e-06
52290,108,0.016703106258395075,0.9832968937395637,7.20690503287305e-13,1.3204179120483187e-12
29516,108,0.006075073793406812,0.0005495082970199494,0.993374531775889,8.861336843270465e-07
130976,108,0.08752539137227391,5.682406380833432e-14,1.1374637621236107e-14,0.912474608627658
26350,108,0.047045327931007595,0.9382362927845459,0.00020068925139926568,0.014517690033047311
30457,108,1.0878255597997267e-08,1.4074092114947852e-54,3.85112898197117e-06,0.9999961379927624
29267,108,0.005991084432858233,0.9920499775860107,0.0019589379600573175,2.1073835606419182e-11
27891,108,0.009403068020540403,0.9854730339104714,0.005123897904168184,1.6482005140521832e-10
26362,108,2.701296012707556e-14,6.364284077800239e-17,0.9995829209889522,0.00041707901102072377
30500,108,0.9997189469001612,1.0170188096713541e-05,2.294388793711307e-24,0.0002708829117419729
28825,108,0.2911457532444521,1.1924179199344082e-23,3.771788421050883e-08,0.7088542090376638
28207,108,5.1975330926575594e-05,1.1297147705258569e-44,1.9973444968548112e-13,0.9999480246688738
28562,108,0.9981146959639235,3.277248662708191e-18,4.81266670498775e-06,0.0018804913693715806
28558,108,0.9995145860445258,3.12950267019459e-05,0.00022662641213687013,0.00022749251663549045
28418,108,0.001249263782756971,1.3834632079907732e-24,1.8107396489361218e-16,0.9987507362172428
29413,108,1.0313653889390338e-07,1.8017699924655445e-25,5.281346052044828e-07,0.999999368728856
34262,108,4.9146497573577564e-08,7.542273447163025e-50,5.6693062073860605e-12,0.9999999508478332
43317,108,0.022193847382202727,0.9778061525979774,3.0650591503425507e-12,1.675460325146611e-11
77115,108,0.002858539072168418,0.997132676838998,8.78407332326471e-06,1.551025068570453e-11
28512,108,0.04358947350014341,0.9564105237590504,5.56922285611528e-21,2.740806169367274e-09
30074,108,2.2994503652708077e-10,1.1709656433611154e-17,0.9999982989141651,1.7008558898946896e-06
28056,108,3.960155016631576e-05,9.410120081394775e-05,0.024684741305660184,0.9751815559433598
27888,108,6.4541777041695555e-12,2.5263022499075353e-19,0.9999862675278772,1.373246566865926e-05
45016,108,0.1543499562219213,0.8454973339159639,6.94292559699677e-15,0.00015270986210773124
32979,108,6.351007588265175e-14,1.0277357123405872e-18,0.9999878178391313,1.2182160805224718e-05
43555,108,5.843214762210237e-11,4.547381101359574e-56,1.5291010478172498e-06,0.99999847084052
27902,108,0.999839003571387,0.00016003349839325065,1.4754061813728386e-14,9.629302051673059e-07
34397,108,0.8903043909881988,2.273367002205156e-05,3.5554104523105437e-17,0.10967287534177923
31445,108,9.121132925274586e-14,3.533399176148154e-16,0.9999276615276445,7.233847226415846e-05
26406,108,0.9999600726134644,1.5733862068259719e-06,1.0670062673131287e-23,3.8354000328627e-05
26341,108,3.1212052149545795e-15,6.542730140650142e-47,0.9940523413523282,0.005947658647668883
31445,108,9.4132625001152e-13,4.207221416169813e-43,0.00011735884819222408,0.9998826411508664
5556,108,0.9979427570204257,1.448381181048219e-13,6.818670436846102e-20,0.002057242979429323
28554,108,2.5263126265387992e-05,2.7592284089017712e-11,2.7114462909191957e-05,0.9999476223832332
30701,108,5.701433169798347e-05,0.9840442893069313,0.015898632931064027,6.343030645020765e-08
28556,108,0.9972753672396054,0.002724528914775572,4.1178993545076364e-08,6.26666256664476e-08
28516,108,5.774990411614877e-12,1.053898484546661e-27,0.9999242960575507,7.570393667439933e-05
28540,108,0.00451100714208854,0.9954882494435741,7.433976803776151e-07,1.665702568139328e-11
27948,108,2.9587320382157134e-14,6.936676045644778e-22,0.9926384980953405,0.007361501904629896
27960,108,0.0005435814903574157,7.283029748251154e-29,9.489009173977061e-08,0.999456323619551
43326,108,0.0020786403857962184,0.9979129038206718,8.455657099974447e-06,1.3643194548445752e-10
33097,108,0.9994662865770353,0.00032200362622431,2.882763583810334e-15,0.00021170979673771465
26386,108,3.745857654697596e-11,1.4875161123220015e-38,0.00413327048944682,0.9958667294730945
32267,108,7.861496670903661e-07,3.844385271075666e-38,1.0018680928369858e-11,0.9999992138403142
28510,108,0.999999748098132,1.7160799391722195e-07,4.8331442719751556e-08,3.196243152881056e-08
131067,108,1.7898695305123243e-06,1.7023406666277828e-10,0.8793620214887801,0.12063618847145517
32730,108,0.1226983153491909,0.8773016823258994,2.324471989119215e-09,4.377781959534661e-13
31462,108,6.689203711094997e-14,1.9793577998723084e-27,0.999942504219627,5.7495780306195734e-05
43327,108,0.009069568489851578,0.9901426813266535,0.0007300194666676156,5.773071682772749e-05
28524,108,3.3334050568870534e-06,1.8560129987443447e-55,9.825515923978514e-14,0.9999966665948448
26297,108,2.745357192176388e-09,9.955228744450046e-62,2.7151265906261886e-10,0.9999999969831301
26312,108,0.0011212710726953342,7.500750740836125e-18,2.83092323835917e-10,0.9988787286442125
43330,108,7.351750371766673e-07,2.7794529245246136e-34,0.4333443015141149,0.5666549633108475
130977,108,0.9953904584814673,0.00460950202885552,2.585713639189351e-14,3.948965130379613e-08
28560,108,0.0027877200050959883,0.9972110263089643,1.2536707680621608e-06,1.5171541592063534e-11
26289,108,6.473480679202565e-07,1.5628479127978738e-11,0.9999670315537857,3.232108251802824e-05
26285,108,0.9999165758758056,8.214441476855698e-05,2.36613110165489e-10,1.2794728124494658e-06
34347,108,1.189656432660234e-15,8.150576323210303e-32,0.9551611348680485,0.044838865131950345
26290,108,0.023600232440682333,0.976399767547983,8.096109924150328e-15,1.1326643636267038e-11
27898,108,0.9753296584558495,8.233561944935277e-20,5.605464192187924e-16,0.02467034154415
75306,108,4.12963456714242e-08,3.6180968476481095e-22,0.9999959235217748,4.035181879707603e-06
5576,108,0.9469662746673899,1.1877344576661842e-13,8.965446867799348e-16,0.05303372533249044
28530,108,0.2135997118842973,0.7864002878603946,2.072377142994731e-10,4.807037334776982e-11
75536,108,0.28499618811938926,0.7150037324473872,6.986929936435955e-21,7.943322364395146e-08
36144,108,0.0015436489279744047,0.9984480096455072,8.341418504956769e-06,8.013522383147272e-12
76083,108,3.91368313291651e-11,4.667153667377898e-16,0.9999977405403976,2.2594204650176724e-06
27969,108,0.919440025618147,0.08055601571883148,6.079310266901127e-13,3.958662413377335e-06
44448,108,5.337264953067243e-07,1.4076523355894596e-24,1.2951612866661258e-06,0.9999981711122181
29521,108,1.9609623492489526e-12,2.3169981214865307e-33,0.9999247573146924,7.524268334668723e-05
25097,108,0.9899557211737813,5.60866057579539e-09,1.432731394936048e-23,0.010044273217557983
28563,108,5.249261376344482e-09,9.073736612650454e-46,0.033111540156478145,0.9668884545942604
131209,108,1.23760552520302e-13,1.385846501492074e-35,0.9827301490311788,0.01726985096869725
7363,108,0.3083705451804928,0.6916294547639552,6.52168852698738e-13,5.489980089958256e-11
122878,108,1.7172579993295725e-15,1.5250633876738936e-21,0.9982531629900719,0.0017468370099264175
78286,108,0.0028472225419973085,0.9959461943840998,0.0012065716009329118,1.1472970142149251e-08
28499,108,3.6541360656179057e-07,1.6175832269939251e-46,7.342748256936656e-12,0.9999996345790506
28157,108,4.0216904890112383e-13,2.801996942540052e-48,0.04239761063159402,0.9576023893680033
28175,108,0.001168906004581894,2.071329439583368e-35,8.294164712084744e-14,0.9988310939953351
18904,108,3.7669144735982528e-06,3.798277699952244e-07,0.9999954847110256,3.685467307564034e-07
31986,108,3.8625266771865076e-14,5.883048693427054e-35,0.8930055157730489,0.10699448422691255
47467,108,2.8260643778605217e-06,1.3365810603986339e-49,1.4294309923073172e-07,0.9999970309925227
28529,235,1.3568191505390957e-10,8.663831433851034e-14,0.9719007072854394,0.02809929257879204
28172,235,2.5598359155971926e-08,3.268310121914164e-54,1.1886029930777913e-07,0.9999998555413416
31044,235,3.276005664118845e-12,4.344234754331109e-29,0.9996440053451329,0.00035599465159100846
28173,235,0.019756970406366765,0.9802289675105008,2.9565631453946006e-13,1.4062082836899805e-05
26361,235,4.150966691570504e-08,1.815746809751473e-25,0.0005179960440054825,0.9994819624463276
34373,235,0.09445483030866028,0.9055451669630215,1.6480174124938841e-13,2.7281532071486794e-09
36571,235,0.9999533489273984,1.4042437394741332e-09,3.550293628638967e-24,4.664966835772083e-05
5526,235,2.3199194641842417e-12,3.230142639386934e-49,0.9958882373461244,0.0041117626515556225
26258,235,0.9999856142680266,1.104239960526158e-13,1.0445284592956093e-05,3.940447270529819e-06
29078,235,7.533698120295215e-09,3.015849150992116e-17,0.9999929046639143,7.087802387394169e-06
27234,235,1.19071285804631e-12,1.0991792736236002e-40,0.9994046702105055,0.0005953297883037774
26345,235,0.12030800594063402,0.879691974194369,1.9863697382173223e-08,1.2996502326352302e-12
50461,235,0.347324397388844,8.84271613676961e-19,4.988854830777617e-16,0.6526756026111558
36353,235,2.2795567034073232e-10,1.8349558184539004e-33,0.9306914333386752,0.06930856643336852
27904,235,0.00020356752698374287,1.5847021020478968e-42,7.231479782240776e-17,0.9997964324730162
28538,235,0.9583651764132248,7.877619291209253e-16,8.060180379171144e-22,0.04163482358677419
8295,235,0.975040269100733,0.024959631726988462,2.6720580190074345e-14,9.91722517844567e-08
37916,235,0.006228474657788485,0.9937711526559964,3.726658419989905e-07,2.0373006697944928e-11
31956,235,9.358626032594534e-06,1.8908849431060468e-49,1.2129045846017356e-07,0.9999905200835089
26351,235,1.4072504137039286e-10,9.498544967600395e-21,0.9999958173006928,4.182558582036901e-06
37359,235,3.0767806358670503e-10,2.2937662545507826e-09,0.9999671372609034,3.286013765211283e-05
43547,235,0.007198807280633785,0.9928011913578068,1.3541040474832686e-09,7.455279413966804e-12
28056,235,2.4538568812908312e-05,6.994970217993209e-06,0.47929228973347954,0.5206761767274898
27953,235,5.9707782727054e-08,0.0039745565260161505,0.9960216997251663,3.684041034925746e-06
30635,235,0.9637560192028121,0.03466560469929573,0.0015782244692482798,1.5162864428906838e-07
26403,235,0.006029402652839219,0.9939705868705094,1.0323734831596553e-08,1.5291635403335676e-10
34195,235,1.1898984093381106e-07,1.5048079994122042e-15,0.9997219876359085,0.0002778933742493652
208278,235,3.952931396829781e-11,8.4755989372283e-68,1.7369991736681614e-08,0.999999982590479
43552,235,0.009464053439214064,0.9905359454430263,8.621764043919524e-11,1.0315420203187289e-09
43477,235,0.02735131898723708,0.9726486809103313,7.568025647594738e-11,2.675130899206859e-11
28560,235,0.05136663367970861,0.9486333611327671,4.0702689442081326e-09,1.117255317705095e-09
29517,235,5.339092464401506e-10,9.092243575859349e-63,2.149186964263166e-08,0.999999977974221
28424,235,2.7226566405594548e-15,4.782982941917984e-20,0.9997790347955581,0.00022096520443941353
26324,235,1.4390912780811616e-09,7.761172446556226e-45,0.7786839721389398,0.2213160264219691
28766,235,0.9999764961240232,9.658109359123865e-06,4.592903425519744e-17,1.3845766617556683e-05
32970,235,0.06607637642356186,0.9339236073399516,3.886742297170871e-19,1.6236486527069732e-08
57938,235,0.000280648763513515,0.9996975778613258,2.1770542530389317e-05,2.832630355317896e-09
130976,235,0.9864743764844115,4.052432833733194e-09,8.724038176852618e-24,0.013525619463155688
26320,235,7.048338151486222e-09,1.424033300917019e-31,0.9992408665505597,0.0007591264011022652
28170,235,0.9947282158396177,0.005269557678732362,1.762168965505408e-09,2.2247194808784274e-06
30074,235,6.446067104730569e-07,6.076456317724678e-08,0.9999991993835017,9.524522479137335e-08
26297,235,4.3565927385690716e-05,1.2501025796820273e-48,7.539487162303069e-16,0.9999564340726136
28432,235,0.0007027769056647953,0.999191778889369,0.0001054401077725137,4.0971935408828714e-09
69030,235,0.9999738974440028,2.6101980415909037e-05,1.0260415118163231e-13,5.754785639715125e-10
26330,235,0.07827328064541596,0.9217267193495603,5.073299787310882e-13,4.5162536284200145e-12
26329,235,1.8771669788337467e-09,3.674450746245103e-52,0.02429806503787649,0.9757019330849563
28512,235,0.9778430993927614,0.022156851847425895,8.829936562897209e-13,4.875893002931936e-08
43317,235,0.028313831193447908,0.9716861676417946,2.2613636177762923e-10,9.386210627005865e-10
45217,235,0.9998895413146819,1.2568020924396196e-06,3.195958841317011e-15,0.00010920188322262161
27897,235,2.785226816592389e-06,0.00015018110747704405,0.987738412587259,0.012108621078446955
28512,235,0.03319810228944154,0.9668018976905904,1.6711867316262141e-12,1.8296842041939883e-11
27900,235,0.240884543262214,0.7591154558126408,3.403612948008269e-19,9.25145112411097e-10
27891,235,0.14911478912270662,0.8507772401089072,0.00010797076450874023,3.8771108392465825e-12
28825,235,6.096016331923732e-06,1.1094324410914117e-46,1.2944097375899442e-06,0.9999926095739303
29268,235,0.010167414709998766,0.9898325852033834,7.623642640812664e-11,1.0381396010687581e-11
31445,235,6.118532974745299e-12,5.670315520412089e-50,1.6274342021605888e-06,0.9999983725596793
28160,235,0.03964997245924465,0.9603500247145226,1.1375103714403055e-18,2.826232742901703e-09
31312,235,0.010434631448660364,0.9895653685323756,1.7876796765958228e-11,1.0873138083837967e-12
26289,235,4.4666019773448364e-05,1.243821708602182e-13,0.9998252741440252,0.0001300598360772018
27955,235,0.9999982341953862,4.2409471323935364e-08,1.085835514570917e-21,1.7233951424413267e-06
30457,235,3.5277443294199423e-06,3.66781834213473e-47,3.651675709671772e-10,0.9999964718905031
26312,235,0.5536258395824298,3.237699508992052e-08,2.0820838496406776e-16,0.44637412804057514
132486,235,0.001402289742916557,2.2428052704488094e-29,1.784081258328924e-13,0.998597710256905
26341,235,1.4810766529077398e-10,9.427717690877782e-23,0.9999939185313019,6.081320590475057e-06
75306,235,4.458271934637144e-06,8.675296173525677e-18,0.9999928205581563,2.7211699089486324e-06
27959,235,2.7574404167572214e-11,2.959127787398758e-41,0.0012877262318944302,0.9987122737405311
28423,235,0.999993481755203,6.497432497553769e-06,7.934358306123477e-13,2.081150605455642e-08
27153,235,0.9999993834531669,7.202426689365171e-12,3.648958373827187e-15,6.16539627032436e-07
34347,235,4.171829594061474e-15,6.133969417976812e-66,0.016617572862589,0.9833824271374068
30726,235,0.6396610077085708,0.3603379763984368,3.004619164242639e-08,9.858468007891108e-07
29413,235,1.9904877357338337e-06,7.000114801138299e-41,2.488903302491105e-13,0.9999980095120155
28419,235,0.9991373049469954,5.698054652333566e-09,6.961480928415084e-15,0.0008626893549430834
51582,235,2.530147850593311e-15,4.641864095750268e-59,0.9365735208959203,0.0634264791040772
34262,235,3.135727284535473e-07,7.014907472073758e-51,4.0443559685078954e-13,0.9999996864268671
75536,235,0.018090614603145004,0.9819093853338433,4.430923850112117e-19,6.301182236065127e-11
99579,235,4.724497653057995e-12,1.440710747808293e-17,0.9999966422616503,3.3577336252606333e-06
29265,235,6.216146231582347e-14,3.408666091813453e-26,0.9999613297907464,3.867020919136413e-05
28433,235,0.0003707077800414217,8.930997214749694e-14,0.9996248269195296,4.465300339601247e-06
27888,235,1.7973223888701456e-13,2.183263974549221e-18,0.9999891775031345,1.0822496685872778e-05
276099,235,1.6906071251570941e-09,1.911301217526044e-13,0.9999997203420721,2.779671294736579e-07
43622,235,1.582777700860894e-10,1.7145489402884972e-18,0.999998247448587,1.7523931351615058e-06
107044,235,0.9978893919506552,5.341023819714634e-14,3.277137135352853e-11,0.0021106080165201008
30701,235,5.798668795294688e-11,1.9352255615833899e-13,0.9999963447121676,3.655229652257418e-06
32730,235,0.006973039410059917,0.9930269539507662,6.633631806409963e-09,5.54185769988186e-12
32979,235,7.214763150782128e-09,1.4217109002786314e-09,0.999999848254886,1.4310864000763397e-07
30500,235,0.999957182422336,1.8209228079351326e-12,4.233111804090826e-23,4.2817575843054305e-05
43555,235,1.1502346901855206e-08,4.0153265555680944e-63,9.801617118541505e-06,0.9999901868805344
43330,235,4.913770106198291e-09,1.3337226340369695e-44,0.6011260430901432,0.3988739519960868
26375,235,2.2682848380560516e-05,6.023132487873318e-44,1.0737660143488875e-14,0.9999773171516085
33097,235,0.12987229810024206,0.8701276017311009,6.344011330184791e-11,1.001052169354624e-07
130977,235,0.9321726155693427,0.06782737487225629,2.6804722321480965e-14,9.558374083506313e-09
26278,235,1.500849615595632e-11,8.093625108238498e-14,0.9999974744422755,2.525542635115727e-06
220794,235,3.2136195431838265e-18,5.960971854070571e-39,0.9953669627216397,0.004633037278360232
28562,235,0.9995028881630302,5.727901176147656e-07,0.0004959313035098127,6.077433423861799e-07
26362,235,4.358864561155853e-11,7.833032877579606e-08,0.9999777146102047,2.2207015877985327e-05
26315,235,0.02471849005327574,0.9752813987226245,1.1096415983790979e-07,2.5993975384525197e-10
377507,235,0.016165314110580253,0.9838346858834658,2.1306654063657004e-13,5.74106519138881e-12
29517,235,6.458410726195813e-08,1.898789971727638e-57,2.4617057519735116e-09,0.9999999329541869
136926,235,0.013344713806500697,0.9866552852078841,9.835923189710414e-10,2.0228775635039228e-12
41777,235,0.11321844252417379,0.8867815574613334,1.9060925687868343e-13,1.4302153298766274e-11
28558,235,1.70627614117936e-05,2.340634684742298e-44,8.555965953956146e-15,0.9999829372385797
28516,235,4.54004335299993e-12,6.317928106546646e-15,0.9999983095066926,1.690488761207448e-06
275441,235,1.2584073646976536e-08,1.287980907007265e-43,9.543639987588455e-09,0.9999999778722863
28530,235,0.9706789219759548,0.029321061150670635,1.2164877261228414e-19,1.687337474563395e-08
5556,235,0.9996924797416159,8.279627693916002e-12,5.224773718784287e-20,0.0003075202501042616
6357,235,6.60138803721757e-10,3.51138133098912e-47,0.9909248838632934,0.009075115476567856
26385,235,2.4548606649007262e-09,4.203422046348954e-50,7.901897799044091e-07,0.9999992073553596
43554,235,0.999845822775321,1.5840691011139455e-09,2.794189066667857e-23,0.00015417564060990184
28524,235,4.216508174062198e-06,1.0089231909331576e-49,1.130142701977349e-12,0.9999957834906958
31462,235,7.475337986444882e-13,1.1159507584148315e-17,0.9999937455963128,6.254402939621603e-06
24124,235,1.3897026850506317e-08,3.789419606233161e-62,1.87921271766431e-07,0.9999997981817013
30945,235,0.03431411016338125,0.9656858743052785,1.54997725851433e-08,3.156752678642368e-11
184501,235,4.306505906999378e-06,1.133727582131332e-23,0.0008404017365220205,0.9991552917575711
45016,235,0.989188418660463,1.4596047953190477e-10,2.6277834139129394e-17,0.010811581193576652
28517,235,1.582305667682011e-08,1.283353169713544e-42,2.2903427055064982e-10,0.9999999839479091
34730,235,0.029091057211096984,0.970908942748788,4.0708033162772755e-15,4.0110967187821905e-11
26386,235,5.501167870585789e-10,9.813968777991884e-60,3.8083658858865102e-06,0.9999961910839972
28540,235,0.5699655365738403,0.4300344065601842,1.5727994520967182e-09,5.529317589966094e-08
27948,235,8.758938395827828e-17,2.5751519216639343e-28,0.995579136121403,0.00442086387859694
5576,235,0.9999880786071927,5.916211491041064e-07,2.6945548512689303e-16,1.132977165780714e-05
37591,235,5.188593697413182e-13,2.889507339683618e-27,0.9999659376479836,3.4062351497452184e-05
32728,235,0.42686609514259305,0.5731338820359514,1.2832051406610158e-08,9.989403936718174e-09
26354,235,0.010182512059229352,0.9898174829989664,4.5835235469157655e-09,3.5828083377176565e-10
28510,235,0.9910850724243284,0.008914921229600296,2.610003178935106e-16,6.346071284832464e-09
28417,235,1.0650322509083978e-06,0.016592209152634617,0.9833565086888665,5.021712624802537e-05
33126,235,7.595244740264279e-06,6.463038547009322e-06,0.9999858451162754,9.660043748242844e-08
34990,235,0.03802318465918722,0.9619767392891739,1.3473237646336485e-17,7.605163864095016e-08
77115,235,0.0002081157736171557,0.9982231773712368,0.001568706533034411,3.2211169173079733e-10
130977,235,0.9999678250347348,1.971425103930304e-18,1.5679983105918612e-10,3.2174808465453025e-05
28556,235,0.9999991596050145,7.099691613496827e-11,6.162426377727683e-11,8.402623645199373e-07
26342,235,0.00107622529347729,0.7251272115498567,0.27379656273815595,4.1850991234180223e-10
29521,235,6.293712519926026e-13,1.813488253577011e-33,0.9999320930760609,6.790692330971365e-05
26774,235,3.3593396660410276e-12,3.56216773743117e-18,0.999992175787269,7.824209371858855e-06
28563,235,6.64435611273235e-07,3.349935762252097e-52,0.000579172562647284,0.9994201630017414
4324,235,0.00620131737806208,9.86527525363883e-38,4.1547811612631153e-16,0.9937986826219374
131209,235,1.2601365134812431e-12,1.0129297801893292e-43,0.9829138940617703,0.017086105936969388
25097,235,0.995665855543166,1.610168701370955e-14,1.2857526557947485e-23,0.004334144456817899
131246,235,0.9939158374461887,2.23804348908463e-14,8.386941800814415e-23,0.006084162553788789
6715,235,1.7091340303692248e-13,9.695716116303926e-28,0.9999263294383373,7.367056149173919e-05
35032,235,4.0688353323421416e-10,9.43903968829733e-64,1.1528135088961634e-05,0.9999884714580274
28499,235,0.0003731267112308661,7.610057917326963e-31,2.0020378448150073e-14,0.9996268732887489
27775,235,0.9989870153799131,0.000955096474884263,2.648980042952944e-19,5.788814520274806e-05
18904,235,1.0153922575346706e-05,3.844589322340871e-17,0.9999872771533167,2.56892410806621e-06
25203,235,5.7092126104228763e-11,1.6881905384091071e-65,6.478162774220613e-05,0.9999352183151656
30572,235,1.3838000192943868e-08,6.75639379986535e-16,0.9998956521338928,0.00010433402810661684
28175,235,3.3802724046620314e-05,1.254893839866665e-42,4.761927036993967e-13,0.9999661972754772
47467,235,1.8660554314420107e-05,2.3736096599476366e-52,5.985320479314521e-06,0.9999753541252063
28529,281,7.494651919682368e-07,0.0005834816602493415,0.9994155686651905,2.0020936824178574e-07
29547,281,0.023397884141585116,0.9766021151059577,2.4861061797564476e-14,7.524320640992506e-10
31044,281,3.05848222886765e-08,5.732925298923579e-26,0.9904275771227008,0.009572392292477295
36571,281,0.9999256538972141,7.417390484812985e-05,8.873249719141267e-18,1.7219793750333032e-07
45685,281,6.307858976106651e-09,2.9167640717528884e-55,1.2250063310281753e-10,0.9999999935696404
5526,281,7.060289004443802e-11,9.655402418900308e-37,0.9998706939962134,0.00012930593318373395
27234,281,2.5634005299590325e-10,1.6461982882004044e-42,0.9988447451846401,0.001155254559019963
26258,281,0.9933276180815047,3.253152049059444e-22,1.6858634964771732e-21,0.00667238191849546
29078,281,5.30770673493633e-18,2.7092814278650106e-44,0.9948518115101554,0.005148188489844535
26345,281,0.9999996246822109,3.472924024089791e-07,2.7244345177428134e-08,7.810413277247894e-10
130953,281,5.880936861244019e-07,4.402931795688423e-58,1.3671172052773617e-09,0.9999994105391966
27232,281,7.123694576115307e-12,4.100988178572102e-11,0.9999667307448088,3.3269207057571056e-05
48747,281,3.280430371836717e-11,4.8680064758886615e-54,1.6339266360411904e-05,0.9999836607008353
60138,281,1.5851411501694244e-14,5.1083247731277707e-64,0.3251755376030197,0.6748244623969644
28532,281,0.00075451696958751,1.680050703000309e-35,1.722890913494121e-11,0.9992454830131834
50461,281,0.9711017108947645,8.989537591865503e-18,1.567090024870973e-19,0.028898289105235526
37362,281,0.9998941623710687,5.011730367424739e-13,7.123864083653606e-16,0.00010583762842982764
27904,281,1.0023783653079416e-07,2.17764766354067e-54,3.436284583997187e-12,0.9999998997587272
31750,281,0.9923664924333603,5.291544054458723e-17,8.363078053251939e-23,0.00763350756663962
36342,281,8.366171378458583e-06,4.683384833914895e-37,1.5148029911572966e-13,0.9999916338284699
37916,281,0.005152250641816878,0.9948476778486991,7.14770569890441e-08,3.2427042486459325e-11
35492,281,0.06558310624416785,4.792020557681833e-33,2.5731312443191975e-15,0.9344168937558295
28538,281,0.04656975125200995,8.184859898410498e-34,4.5115315506994716e-17,0.95343024874799
31931,281,0.0002781946977582628,3.004995749811563e-36,2.8358169555946952e-12,0.9997218052994057
36353,281,5.650499484812656e-12,3.1723386933970584e-35,0.9473734932541434,0.052626506740206073
31956,281,2.3976286096230117e-05,3.7783223426457964e-51,1.482197750756663e-10,0.9999760235656839
26351,281,1.993166984221416e-12,3.191850815070756e-32,0.999719163251349,0.0002808367466577958
28804,281,0.01606152953967415,0.9816391881045101,0.002299275920926143,6.434889649205242e-09
30701,281,3.009100722198997e-11,5.9652747762464925e-15,0.9986596640711494,0.0013403358987536399
75306,281,2.5346416793156834e-13,1.7533446479812356e-38,0.9996239990327566,0.0003760009669899498
31312,281,0.12224397444368307,0.8777553907397226,3.218549149514207e-08,6.026311029725081e-07
28424,281,2.1155423756687344e-15,4.8437488510178325e-45,0.9765700622874328,0.023429937712565126
29516,281,0.00020932864217912506,0.9996885974186308,0.00010193236785019707,1.4157133967792941e-07
28560,281,0.03643426054028788,0.9635657394532177,4.45843737015734e-12,2.0359319476006355e-12
208278,281,2.2165135655364715e-07,8.946668894649396e-55,5.032756829475225e-13,0.9999997783481401
30635,281,0.9758606925408242,0.024139304854664822,2.1947552850766222e-13,2.604291662984498e-09
43477,281,0.09997150357507444,0.9000284964165072,1.138545579381848e-14,8.406990528186778e-12
31445,281,3.4613618154155726e-10,3.411169210776293e-33,0.0015406993541239528,0.99845930029974
28802,281,3.913375021582165e-06,3.141196830631971e-54,3.6706901720476514e-14,0.9999960866249418
28419,281,0.999978671531279,5.239341240595569e-11,2.227778165558022e-19,2.1328416327756645e-05
275687,281,4.0223094160422417e-07,8.025645815204094e-43,0.008365549865619075,0.9916340479034395
275842,281,0.0165594964939085,0.9834405021074268,2.6236645647656777e-14,1.3986386181513536e-09
51031,281,0.3315238774985549,0.6684712149302614,4.6954275974085223e-14,4.907571137107257e-06
30726,281,0.999988723061586,1.3658584035169023e-07,4.9032424510783735e-12,1.1140347670334748e-05
34347,281,1.875286964135105e-10,3.233441046049712e-42,3.293920803949543e-06,0.9999967058916672
75131,281,0.002118989719269348,0.9973995903677186,0.0004814199064406144,6.571401064082171e-12
28766,281,0.9998708936654154,1.7048247523843138e-09,1.5854925467811573e-19,0.00012910462975980786
69030,281,0.12464359919508665,0.8753564007990491,8.680816983585176e-16,5.863471827487556e-12
28521,281,1.264419985102852e-14,3.652903598845572e-61,0.0025229904324320825,0.9974770095675554
26320,281,3.4507520128625296e-10,1.7228790160957163e-19,0.9999986557636096,1.3438913151871412e-06
32916,281,9.103916626723573e-07,1.909129136222845e-10,0.99999777447886,1.3149385644399138e-06
43622,281,3.739310756890656e-09,2.5603063530681603e-25,0.9999696899665607,3.0306294128495882e-05
28423,281,0.9999028343717251,8.167295971619569e-05,1.54913864525933e-05,1.2821061302669187e-09
276099,281,1.2536986277432482e-07,6.315726328425985e-09,0.999999822574082,4.5740328968087074e-08
27900,281,0.9997002096662977,2.0239767392321756e-14,3.0349207246637213e-19,0.00029979033368210704
34349,281,1.0289254875090755e-08,6.412242326357467e-30,1.6486502718192366e-06,0.9999983410604731
107044,281,0.9893884924243658,3.2234923767160247e-19,4.0308954257845596e-16,0.010611507575633712
27897,281,1.1734180502052545e-08,1.6117548678043352e-11,0.9984564107524407,0.001543577497261272
29265,281,5.840659123135507e-14,1.3098774289149904e-26,0.9996702013817983,0.00032979861814317924
99579,281,1.0527858083511757e-08,1.1679804608019528e-08,0.9999998874496026,9.034273470362047e-08
37591,281,3.490509111586077e-13,4.5065528230898734e-23,0.9994352642787923,0.0005647357208586904
412577,281,0.003741843503353494,0.9962484058209947,9.62069173806509e-06,1.2998391342678243e-07
30945,281,0.009743609296064899,0.9902563905870796,1.1357885680869789e-10,3.2764521349121e-12
75536,281,0.0077883877525139165,0.9922115851966976,2.702377986565106e-08,2.7008435066404625e-11
31312,281,0.005548963238148938,0.9944510353724785,1.6613661005563777e-10,1.223235808172023e-09
220794,281,1.1181019956025765e-16,1.8080147615879714e-40,0.9017217118215767,0.09827828817842316
30726,281,0.01805881218130449,0.9819411872477949,6.978286772530492e-11,5.011178472979779e-10
26315,281,0.9996163931388216,0.00036851750676372973,1.989505599823697e-09,1.5087364909022962e-05
34261,281,0.016879817885356925,0.9831201820754064,3.202376801110007e-13,3.891637171043386e-11
377507,281,0.0032021914882529525,0.9967967067063357,1.1017796408083634e-06,2.5770393221756788e-11
183000,281,2.6433116542954988e-08,1.0027605936011034e-17,0.9999787984896166,2.11750772668403e-05
275441,281,1.2923487171394559e-09,8.526097677579754e-31,2.5377998716645596e-05,0.9999746207089347
26350,281,0.012927163369827804,0.9870722745371856,3.1988685422385796e-11,5.62060997964665e-07
6357,281,3.2409143495311597e-10,2.8268222180302704e-37,0.998811548533425,0.0011884511424835335
43557,281,6.592247665099091e-08,0.003336369766562314,0.9966567086037931,6.855707167883424e-06
28530,281,0.05071572061358077,0.949280125700248,4.153673981917758e-06,1.2189310564851882e-11
33097,281,0.8580201639006251,0.14197969125822407,2.578692295043166e-10,1.4458328159019983e-07
5556,281,0.996760678366776,3.6958118424870316e-15,1.1667999250705406e-11,0.0032393216215526447
30500,281,0.9998167168560561,4.246105824867035e-14,1.25108885936752e-21,0.00018328314390144554
5576,281,0.9898835907681668,3.0151549684057898e-15,6.714784704651473e-14,0.010116409231762994
32267,281,1.1082680532466983e-07,6.511022459243098e-46,8.268508943720186e-11,0.9999998890905095
27896,281,0.99999937506623,1.4711382616280433e-08,8.419600632534755e-19,6.102223871789413e-07
28540,281,0.01072026521342152,0.9892797347038658,6.943268513637723e-11,1.3279849744854225e-11
27948,281,2.71172495430351e-09,5.84711150007206e-06,0.9999939944217835,1.557549914444798e-07
43554,281,0.9999528821055312,8.034809747678187e-07,5.837642720977602e-23,4.631441349424675e-05
43327,281,0.4345390049122648,1.713509024956221e-19,3.772349292590422e-12,0.5654609950839627
28510,281,0.9982037531876964,0.001796245597125165,4.2240996403096717e-13,1.214756014435923e-09
24124,281,3.745619121173811e-11,1.3751986874953153e-58,0.12376161269433543,0.8762383872682084
26386,281,1.101582579092587e-07,1.1151029473401273e-62,3.673838432714892e-10,0.9999998894743583
77115,281,0.0038286084196853,0.9961713881759136,2.9141703224699847e-09,4.902308546033503e-10
36168,281,0.3296122805384213,0.6703877134892247,1.0847910333475722e-09,4.887563019703668e-09
26378,281,0.08972477708324582,6.346981568220936e-31,1.0095178502361105e-18,0.9102752229167542
32730,281,0.017386867086688417,0.9826130925194586,4.0392971802967425e-08,8.81269381743161e-13
31462,281,1.1916323044233431e-11,5.801717115028518e-24,0.9999863127507459,1.3687237337751426e-05
362325,281,8.503926297305875e-07,3.135168065974865e-25,1.4713075625734956e-06,0.9999976782998077
198802,281,2.78652861209224e-12,2.5020767205127057e-28,0.9998722106232248,0.00012778937398863144
52291,281,0.030148365005211557,0.9698516349249369,1.4839139190090854e-19,6.985178210931014e-11
43555,281,7.459290917313938e-07,2.4544085635881386e-58,3.635926043334236e-08,0.9999992177116479
47213,281,0.9999897553239107,1.0179423110847828e-05,9.154654021454124e-17,6.525297862727075e-08
28562,281,0.9999480886811957,1.0503736892508458e-16,3.7053116351416974e-08,5.187426568785426e-05
44984,281,6.661731194808556e-08,7.880689685584754e-12,0.9983961922897963,0.001603741085010866
30457,281,1.869812253962762e-08,1.646850035356453e-50,2.5579733707253157e-08,0.9999999557221436
15872,281,1.0636516076979302e-10,9.532214980425775e-50,0.9802209308126255,0.01977906908100915
28517,281,3.6699449696700456e-07,6.377545476518424e-50,2.6304319926936986e-11,0.9999996329791987
26341,281,6.361370354377548e-11,2.2262704915887143e-26,0.9999864344803416,1.3565456044632448e-05
399870,281,0.9430862523490268,3.804902505839027e-13,3.189813783456588e-20,0.05691374765059246
51582,281,8.613930056287116e-14,6.246214069591968e-71,0.00014792170314506018,0.9998520782967688
226626,281,0.999999554252417,1.1505013597333798e-07,1.459029153528645e-07,1.8479453177276796e-07
26289,281,9.6196624450687e-06,6.475638421307239e-45,0.0034170418354129315,0.9965733385021422
28160,281,0.9999435546881543,4.519593097937221e-13,1.0230097349613132e-13,5.644531129149682e-05
130977,281,0.9988314522664624,2.3216111655094245e-22,1.2573986715752672e-13,0.0011685477334117912
26329,281,3.6427742775570635e-12,1.87151363235966e-58,0.0023493067393067016,0.9976506932570508
34730,281,0.3929401962601267,0.6070597949045218,3.2540362319648534e-10,8.509947859566453e-09
27959,281,1.910135205192935e-08,4.900123017980625e-41,6.125347137555522e-05,0.9999387274272724
276099,281,9.00844363359609e-06,1.1473678894656634e-08,0.9998800462033149,0.00011093387937280148
28208,281,2.0960108021322077e-09,1.5223857676314302e-16,0.9999986800517072,1.3178522816694787e-06
184501,281,0.9793227841291167,1.4129373219606315e-10,8.530032213680859e-20,0.02067721572958938
45016,281,0.05346020979454391,0.9465397564856004,5.0480797477691224e-17,3.3719855541627506e-08
32979,281,1.3687314442259587e-16,2.9742701941013777e-39,0.9237975974933423,0.07620240250665741
28562,281,0.40866028818593836,0.5913397116768513,2.3740708756365472e-11,1.1346980462847675e-10
330534,281,0.01080976259808198,0.9891896601013404,1.2309703763789495e-14,5.773005654387972e-07
182089,281,1.1110112989917812e-07,3.378312201838021e-38,8.208523551714177e-08,0.9999998068136349
274998,281,0.03347876651777879,3.12349113513369e-19,0.966479143708044,4.2089774177511794e-05
26278,281,5.6424054211812196e-11,1.147252749309947e-11,0.9999991487062636,8.512258398742332e-07
27955,281,0.9999954329666315,3.980622120504554e-06,8.976413185909191e-21,5.864112479023259e-07
47213,281,0.008084973961372994,0.9919149377029846,8.833272570537064e-08,2.9166524906299888e-12
328562,281,0.9999675179548645,1.2532344552164832e-13,4.2199108801647334e-17,3.2482045010119294e-05
57938,281,0.006106403511181104,0.9938935874400773,9.037957366560852e-09,1.0784126967507967e-11
181730,281,1.2822316798421992e-10,1.9379831742815923e-10,0.9998984869982056,0.00010151267977307965
5563,281,0.0001242439490271729,2.7745532515381316e-30,7.688219654033629e-05,0.999798873854432
298594,281,0.9999940945959367,6.72083854612031e-12,5.2991059061830435e-17,5.90539734248335e-06
